10			0.0352  		0.0284  		-0.3066 
20			0.0284  		0.0341  		-0.0217 
30			0.0341  		0.0370  		0.0249  
40			0.0370  		0.0293  		-0.0656 
50			0.0293  		0.0308  		-0.0379 
60			0.0308  		0.0360  		0.0054  
70			0.0360  		0.0296  		-0.0356 
80			0.0296  		0.0317  		-0.0189 
90			0.0317  		0.0378  		0.0115  
100			0.0378  		0.0322  		-0.0126 
110			0.0322  		0.0289  		-0.0255 
120			0.0289  		0.0360  		0.0030  
130			0.0360  		0.0322  		-0.0098 
140			0.0322  		0.0294  		-0.0184 
150			0.0294  		0.0369  		0.0047  
160			0.0369  		0.0349  		-0.0007 
170			0.0349  		0.0279  		-0.0197 
180			0.0279  		0.0343  		-0.0019 
190			0.0343  		0.0345  		-0.0014 
200			0.0345  		0.0284  		-0.0153 
210			0.0284  		0.0350  		-0.0002 
220			0.0350  		0.0370  		0.0033  
230			0.0370  		0.0291  		-0.0119 
240			0.0291  		0.0320  		-0.0056 
250			0.0320  		0.0361  		0.0016  
260			0.0361  		0.0293  		-0.0101 
270			0.0293  		0.0325  		-0.0042 
280			0.0325  		0.0379  		0.0039  
290			0.0379  		0.0315  		-0.0055 
300			0.0315  		0.0295  		-0.0085 
310			0.0295  		0.0363  		0.0015  
320			0.0363  		0.0315  		-0.0049 
330			0.0315  		0.0301  		-0.0068 
340			0.0301  		0.0375  		0.0027  
350			0.0375  		0.0343  		-0.0010 
360			0.0343  		0.0281  		-0.0090 
370			0.0281  		0.0351  		-0.0001 
380			0.0351  		0.0341  		-0.0012 
390			0.0341  		0.0286  		-0.0076 
400			0.0286  		0.0358  		0.0006  
410			0.0358  		0.0366  		0.0014  
420			0.0366  		0.0287  		-0.0070 
430			0.0287  		0.0328  		-0.0023 
440			0.0328  		0.0359  		0.0007  
450			0.0359  		0.0290  		-0.0062 
460			0.0290  		0.0336  		-0.0015 
470			0.0336  		0.0382  		0.0026  
480			0.0382  		0.0313  		-0.0035 
490			0.0313  		0.0307  		-0.0040 
500			0.0307  		0.0368  		0.0013  
510			0.0368  		0.0310  		-0.0036 
520			0.0310  		0.0308  		-0.0037 
530			0.0308  		0.0378  		0.0020  
540			0.0378  		0.0337  		-0.0011 
550			0.0337  		0.0284  		-0.0056 
560			0.0284  		0.0356  		0.0003  
570			0.0356  		0.0333  		-0.0013 
580			0.0333  		0.0288  		-0.0050 
590			0.0288  		0.0364  		0.0009  
600			0.0364  		0.0361  		0.0007  
610			0.0361  		0.0285  		-0.0050 
620			0.0285  		0.0336  		-0.0011 
630			0.0336  		0.0354  		0.0002  
640			0.0354  		0.0285  		-0.0047 
650			0.0285  		0.0337  		-0.0009 
660			0.0337  		0.0372  		0.0012  
670			0.0372  		0.0297  		-0.0036 
680			0.0297  		0.0304  		-0.0031 
690			0.0304  		0.0360  		0.0005  
700			0.0360  		0.0299  		-0.0033 
710			0.0299  		0.0312  		-0.0024 
720			0.0312  		0.0377  		0.0014  
730			0.0377  		0.0327  		-0.0014 
740			0.0327  		0.0287  		-0.0040 
750			0.0287  		0.0359  		0.0004  
760			0.0359  		0.0326  		-0.0014 
770			0.0326  		0.0291  		-0.0035 
780			0.0291  		0.0367  		0.0008  
790			0.0367  		0.0353  		0.0001  
800			0.0353  		0.0279  		-0.0042 
810			0.0279  		0.0340  		-0.0006 
820			0.0340  		0.0349  		-0.0001 
830			0.0349  		0.0284  		-0.0037 
840			0.0284  		0.0346  		-0.0003 
850			0.0346  		0.0372  		0.0010  
860			0.0372  		0.0294  		-0.0030 
870			0.0294  		0.0315  		-0.0018 
880			0.0315  		0.0363  		0.0005  
890			0.0363  		0.0296  		-0.0028 
900			0.0296  		0.0321  		-0.0015 
910			0.0321  		0.0379  		0.0012  
920			0.0379  		0.0320  		-0.0015 
930			0.0320  		0.0291  		-0.0029 
940			0.0291  		0.0362  		0.0004  
950			0.0362  		0.0320  		-0.0014 
960			0.0320  		0.0297  		-0.0025 
970			0.0297  		0.0373  		0.0009  
980			0.0373  		0.0348  		-0.0002 
990			0.0348  		0.0281  		-0.0033 
1000			0.0281  		0.0348  		-0.0002 
1010			0.0348  		0.0345  		-0.0003 
1020			0.0345  		0.0286  		-0.0029 
1030			0.0286  		0.0354  		0.0001  
1040			0.0354  		0.0369  		0.0007  
1050			0.0369  		0.0289  		-0.0027 
1060			0.0289  		0.0324  		-0.0011 
1070			0.0324  		0.0361  		0.0004  
1080			0.0361  		0.0292  		-0.0025 
1090			0.0292  		0.0331  		-0.0008 
1100			0.0331  		0.0383  		0.0011  
1110			0.0383  		0.0317  		-0.0013 
1120			0.0317  		0.0303  		-0.0019 
1130			0.0303  		0.0367  		0.0006  
1140			0.0367  		0.0314  		-0.0014 
1150			0.0314  		0.0304  		-0.0018 
1160			0.0304  		0.0377  		0.0009  
1170			0.0377  		0.0341  		-0.0004 
1180			0.0341  		0.0283  		-0.0027 
1190			0.0283  		0.0353  		0.0001  
1200			0.0353  		0.0337  		-0.0005 
1210			0.0337  		0.0286  		-0.0024 
1220			0.0286  		0.0361  		0.0003  
1230			0.0361  		0.0365  		0.0004  
1240			0.0365  		0.0287  		-0.0024 
1250			0.0287  		0.0332  		-0.0007 
1260			0.0332  		0.0357  		0.0002  
1270			0.0357  		0.0287  		-0.0023 
1280			0.0287  		0.0333  		-0.0006 
1290			0.0333  		0.0374  		0.0007  
1300			0.0374  		0.0301  		-0.0017 
1310			0.0301  		0.0299  		-0.0018 
1320			0.0299  		0.0360  		0.0003  
1330			0.0360  		0.0303  		-0.0016 
1340			0.0303  		0.0308  		-0.0014 
1350			0.0308  		0.0376  		0.0007  
1360			0.0376  		0.0332  		-0.0006 
1370			0.0332  		0.0284  		-0.0022 
1380			0.0284  		0.0356  		0.0001  
1390			0.0356  		0.0331  		-0.0006 
1400			0.0331  		0.0289  		-0.0020 
1410			0.0289  		0.0364  		0.0003  
1420			0.0364  		0.0356  		0.0001  
1430			0.0356  		0.0280  		-0.0023 
1440			0.0280  		0.0336  		-0.0005 
1450			0.0336  		0.0352  		0.0000  
1460			0.0352  		0.0285  		-0.0021 
1470			0.0285  		0.0342  		-0.0003 
1480			0.0342  		0.0374  		0.0006  
1490			0.0374  		0.0298  		-0.0016 
1500			0.0298  		0.0311  		-0.0012 
1510			0.0311  		0.0363  		0.0003  
1520			0.0363  		0.0300  		-0.0015 
1530			0.0300  		0.0316  		-0.0010 
1540			0.0316  		0.0379  		0.0007  
1550			0.0379  		0.0325  		-0.0007 
1560			0.0325  		0.0288  		-0.0018 
1570			0.0288  		0.0360  		0.0002  
1580			0.0360  		0.0324  		-0.0007 
1590			0.0324  		0.0294  		-0.0016 
1600			0.0294  		0.0370  		0.0005  
1610			0.0370  		0.0352  		0.0000  
1620			0.0352  		0.0281  		-0.0020 
1630			0.0281  		0.0344  		-0.0002 
1640			0.0344  		0.0348  		-0.0001 
1650			0.0348  		0.0285  		-0.0018 
1660			0.0285  		0.0350  		-0.0000 
1670			0.0350  		0.0372  		0.0005  
1680			0.0372  		0.0293  		-0.0016 
1690			0.0293  		0.0319  		-0.0008 
1700			0.0319  		0.0363  		0.0003  
1710			0.0363  		0.0295  		-0.0015 
1720			0.0295  		0.0326  		-0.0006 
1730			0.0326  		0.0383  		0.0007  
1740			0.0383  		0.0322  		-0.0007 
1750			0.0322  		0.0299  		-0.0013 
1760			0.0299  		0.0366  		0.0003  
1770			0.0366  		0.0319  		-0.0008 
1780			0.0319  		0.0300  		-0.0013 
1790			0.0300  		0.0375  		0.0005  
1800			0.0375  		0.0346  		-0.0001 
1810			0.0346  		0.0282  		-0.0018 
1820			0.0282  		0.0350  		-0.0000 
1830			0.0350  		0.0341  		-0.0002 
1840			0.0341  		0.0285  		-0.0016 
1850			0.0285  		0.0357  		0.0001  
1860			0.0357  		0.0368  		0.0004  
1870			0.0368  		0.0289  		-0.0015 
1880			0.0289  		0.0327  		-0.0005 
1890			0.0327  		0.0359  		0.0002  
1900			0.0359  		0.0289  		-0.0015 
1910			0.0289  		0.0328  		-0.0005 
1920			0.0328  		0.0375  		0.0005  
1930			0.0375  		0.0306  		-0.0010 
1940			0.0306  		0.0295  		-0.0013 
1950			0.0295  		0.0360  		0.0002  
1960			0.0360  		0.0307  		-0.0010 
1970			0.0307  		0.0304  		-0.0011 
1980			0.0304  		0.0375  		0.0005  
1990			0.0375  		0.0336  		-0.0003 
2000			0.0336  		0.0282  		-0.0016 
2010			0.0282  		0.0354  		0.0000  
2020			0.0354  		0.0335  		-0.0004 
2030			0.0335  		0.0287  		-0.0014 
2040			0.0287  		0.0360  		0.0002  
2050			0.0360  		0.0360  		0.0002  
2060			0.0360  		0.0282  		-0.0015 
2070			0.0282  		0.0331  		-0.0004 
2080			0.0331  		0.0354  		0.0001  
2090			0.0354  		0.0286  		-0.0014 
2100			0.0286  		0.0338  		-0.0003 
2110			0.0338  		0.0376  		0.0005  
2120			0.0376  		0.0302  		-0.0010 
2130			0.0302  		0.0306  		-0.0009 
2140			0.0306  		0.0364  		0.0002  
2150			0.0364  		0.0303  		-0.0010 
2160			0.0303  		0.0312  		-0.0008 
2170			0.0312  		0.0378  		0.0005  
2180			0.0378  		0.0329  		-0.0004 
2190			0.0329  		0.0285  		-0.0014 
2200			0.0285  		0.0358  		0.0001  
2210			0.0358  		0.0328  		-0.0004 
2220			0.0328  		0.0291  		-0.0012 
2230			0.0291  		0.0367  		0.0003  
2240			0.0367  		0.0356  		0.0001  
2250			0.0356  		0.0282  		-0.0014 
2260			0.0282  		0.0340  		-0.0002 
2270			0.0340  		0.0352  		-0.0000 
2280			0.0352  		0.0286  		-0.0013 
2290			0.0286  		0.0346  		-0.0001 
2300			0.0346  		0.0374  		0.0004  
2310			0.0374  		0.0296  		-0.0011 
2320			0.0296  		0.0315  		-0.0007 
2330			0.0315  		0.0364  		0.0002  
2340			0.0364  		0.0298  		-0.0010 
2350			0.0298  		0.0321  		-0.0006 
2360			0.0321  		0.0383  		0.0005  
2370			0.0383  		0.0327  		-0.0004 
2380			0.0327  		0.0295  		-0.0011 
2390			0.0295  		0.0365  		0.0002  
2400			0.0365  		0.0323  		-0.0005 
2410			0.0323  		0.0297  		-0.0010 
2420			0.0297  		0.0373  		0.0004  
2430			0.0373  		0.0350  		-0.0000 
2440			0.0350  		0.0281  		-0.0013 
2450			0.0281  		0.0347  		-0.0001 
2460			0.0347  		0.0345  		-0.0001 
2470			0.0345  		0.0284  		-0.0012 
2480			0.0284  		0.0353  		0.0000  
2490			0.0353  		0.0371  		0.0003  
2500			0.0371  		0.0292  		-0.0011 
2510			0.0292  		0.0323  		-0.0005 
2520			0.0323  		0.0361  		0.0002  
2530			0.0361  		0.0291  		-0.0011 
2540			0.0291  		0.0324  		-0.0005 
2550			0.0324  		0.0376  		0.0004  
2560			0.0376  		0.0310  		-0.0007 
2570			0.0310  		0.0291  		-0.0011 
2580			0.0291  		0.0360  		0.0001  
2590			0.0360  		0.0311  		-0.0007 
2600			0.0311  		0.0300  		-0.0009 
2610			0.0300  		0.0373  		0.0003  
2620			0.0373  		0.0341  		-0.0002 
2630			0.0341  		0.0281  		-0.0012 
2640			0.0281  		0.0351  		-0.0000 
2650			0.0351  		0.0339  		-0.0002 
2660			0.0339  		0.0285  		-0.0011 
2670			0.0285  		0.0357  		0.0001  
2680			0.0357  		0.0363  		0.0002  
2690			0.0363  		0.0284  		-0.0011 
2700			0.0284  		0.0327  		-0.0004 
2710			0.0327  		0.0357  		0.0001  
2720			0.0357  		0.0288  		-0.0011 
2730			0.0288  		0.0333  		-0.0003 
2740			0.0333  		0.0377  		0.0004  
2750			0.0377  		0.0306  		-0.0007 
2760			0.0306  		0.0302  		-0.0008 
2770			0.0302  		0.0364  		0.0002  
2780			0.0364  		0.0307  		-0.0007 
2790			0.0307  		0.0308  		-0.0007 
2800			0.0308  		0.0377  		0.0004  
2810			0.0377  		0.0334  		-0.0003 
2820			0.0334  		0.0283  		-0.0011 
2830			0.0283  		0.0356  		0.0001  
2840			0.0356  		0.0333  		-0.0003 
2850			0.0333  		0.0289  		-0.0010 
2860			0.0289  		0.0364  		0.0002  
2870			0.0364  		0.0360  		0.0001  
2880			0.0360  		0.0283  		-0.0011 
2890			0.0283  		0.0336  		-0.0002 
2900			0.0336  		0.0354  		0.0000  
2910			0.0354  		0.0286  		-0.0010 
2920			0.0286  		0.0342  		-0.0001 
2930			0.0342  		0.0376  		0.0003  
2940			0.0376  		0.0300  		-0.0008 
2950			0.0300  		0.0310  		-0.0006 
2960			0.0310  		0.0365  		0.0002  
2970			0.0365  		0.0301  		-0.0008 
2980			0.0301  		0.0317  		-0.0005 
2990			0.0317  		0.0383  		0.0004  
3000			0.0383  		0.0331  		-0.0003 
3010			0.0331  		0.0292  		-0.0009 
3020			0.0292  		0.0364  		0.0002  
3030			0.0364  		0.0328  		-0.0003 
3040			0.0328  		0.0294  		-0.0008 
3050			0.0294  		0.0370  		0.0002  
3060			0.0370  		0.0354  		0.0000  
3070			0.0354  		0.0282  		-0.0010 
3080			0.0282  		0.0343  		-0.0001 
3090			0.0343  		0.0349  		-0.0000 
3100			0.0349  		0.0284  		-0.0010 
3110			0.0284  		0.0349  		-0.0000 
3120			0.0349  		0.0373  		0.0003  
3130			0.0373  		0.0295  		-0.0008 
3140			0.0295  		0.0319  		-0.0005 
3150			0.0319  		0.0362  		0.0001  
3160			0.0362  		0.0294  		-0.0008 
3170			0.0294  		0.0320  		-0.0004 
3180			0.0320  		0.0376  		0.0003  
3190			0.0376  		0.0315  		-0.0005 
3200			0.0315  		0.0288  		-0.0009 
3210			0.0288  		0.0359  		0.0001  
3220			0.0359  		0.0316  		-0.0005 
3230			0.0316  		0.0296  		-0.0008 
3240			0.0296  		0.0371  		0.0002  
3250			0.0371  		0.0345  		-0.0001 
3260			0.0345  		0.0280  		-0.0010 
3270			0.0280  		0.0348  		-0.0000 
3280			0.0348  		0.0343  		-0.0001 
3290			0.0343  		0.0284  		-0.0009 
3300			0.0284  		0.0353  		0.0000  
3310			0.0353  		0.0366  		0.0002  
3320			0.0366  		0.0287  		-0.0009 
3330			0.0287  		0.0323  		-0.0004 
3340			0.0323  		0.0359  		0.0001  
3350			0.0359  		0.0290  		-0.0008 
3360			0.0290  		0.0329  		-0.0003 
3370			0.0329  		0.0378  		0.0003  
3380			0.0378  		0.0311  		-0.0005 
3390			0.0311  		0.0298  		-0.0007 
3400			0.0298  		0.0364  		0.0001  
3410			0.0364  		0.0311  		-0.0005 
3420			0.0311  		0.0304  		-0.0006 
3430			0.0304  		0.0376  		0.0003  
3440			0.0376  		0.0339  		-0.0002 
3450			0.0339  		0.0282  		-0.0009 
3460			0.0282  		0.0353  		0.0000  
3470			0.0353  		0.0337  		-0.0002 
3480			0.0337  		0.0287  		-0.0008 
3490			0.0287  		0.0361  		0.0001  
3500			0.0361  		0.0363  		0.0001  
3510			0.0363  		0.0284  		-0.0009 
3520			0.0284  		0.0332  		-0.0002 
3530			0.0332  		0.0357  		0.0001  
3540			0.0357  		0.0288  		-0.0008 
3550			0.0288  		0.0337  		-0.0002 
3560			0.0337  		0.0378  		0.0003  
3570			0.0378  		0.0304  		-0.0006 
3580			0.0304  		0.0306  		-0.0006 
3590			0.0306  		0.0365  		0.0002  
3600			0.0365  		0.0305  		-0.0006 
3610			0.0305  		0.0313  		-0.0005 
3620			0.0313  		0.0382  		0.0003  
3630			0.0382  		0.0336  		-0.0002 
3640			0.0336  		0.0290  		-0.0008 
3650			0.0290  		0.0362  		0.0001  
3660			0.0362  		0.0332  		-0.0002 
3670			0.0332  		0.0291  		-0.0007 
3680			0.0291  		0.0368  		0.0002  
3690			0.0368  		0.0358  		0.0001  
3700			0.0358  		0.0283  		-0.0009 
3710			0.0283  		0.0339  		-0.0001 
3720			0.0339  		0.0352  		0.0000  
3730			0.0352  		0.0285  		-0.0008 
3740			0.0285  		0.0345  		-0.0001 
3750			0.0345  		0.0375  		0.0003  
3760			0.0375  		0.0299  		-0.0006 
3770			0.0299  		0.0314  		-0.0004 
3780			0.0314  		0.0363  		0.0001  
3790			0.0363  		0.0298  		-0.0006 
3800			0.0298  		0.0316  		-0.0004 
3810			0.0316  		0.0376  		0.0003  
3820			0.0376  		0.0319  		-0.0004 
3830			0.0319  		0.0285  		-0.0008 
3840			0.0285  		0.0357  		0.0001  
3850			0.0357  		0.0320  		-0.0004 
3860			0.0320  		0.0293  		-0.0007 
3870			0.0293  		0.0369  		0.0002  
3880			0.0369  		0.0349  		-0.0000 
3890			0.0349  		0.0280  		-0.0008 
3900			0.0280  		0.0344  		-0.0001 
3910			0.0344  		0.0346  		-0.0001 
3920			0.0346  		0.0284  		-0.0008 
3930			0.0284  		0.0349  		-0.0000 
3940			0.0349  		0.0369  		0.0002  
3950			0.0369  		0.0290  		-0.0007 
3960			0.0290  		0.0318  		-0.0004 
3970			0.0318  		0.0360  		0.0001  
3980			0.0360  		0.0292  		-0.0007 
3990			0.0292  		0.0325  		-0.0003 
4000			0.0325  		0.0379  		0.0003  
4010			0.0379  		0.0315  		-0.0004 
4020			0.0315  		0.0295  		-0.0006 
4030			0.0295  		0.0363  		0.0001  
4040			0.0363  		0.0316  		-0.0004 
4050			0.0316  		0.0300  		-0.0006 
4060			0.0300  		0.0374  		0.0002  
4070			0.0374  		0.0343  		-0.0001 
4080			0.0343  		0.0281  		-0.0008 
4090			0.0281  		0.0350  		-0.0000 
4100			0.0350  		0.0341  		-0.0001 
4110			0.0341  		0.0286  		-0.0007 
4120			0.0286  		0.0357  		0.0001  
4130			0.0357  		0.0366  		0.0001  
4140			0.0366  		0.0287  		-0.0007 
4150			0.0287  		0.0328  		-0.0002 
4160			0.0328  		0.0359  		0.0001  
4170			0.0359  		0.0290  		-0.0007 
4180			0.0290  		0.0333  		-0.0002 
4190			0.0333  		0.0379  		0.0003  
4200			0.0379  		0.0309  		-0.0004 
4210			0.0309  		0.0302  		-0.0005 
4220			0.0302  		0.0365  		0.0001  
4230			0.0365  		0.0309  		-0.0004 
4240			0.0309  		0.0309  		-0.0004 
4250			0.0309  		0.0381  		0.0003  
4260			0.0381  		0.0340  		-0.0001 
4270			0.0340  		0.0288  		-0.0007 
4280			0.0288  		0.0359  		0.0001  
4290			0.0359  		0.0336  		-0.0001 
4300			0.0336  		0.0289  		-0.0007 
4310			0.0289  		0.0364  		0.0001  
4320			0.0364  		0.0362  		0.0001  
4330			0.0362  		0.0284  		-0.0007 
4340			0.0284  		0.0335  		-0.0002 
4350			0.0335  		0.0355  		0.0000  
4360			0.0355  		0.0286  		-0.0007 
4370			0.0286  		0.0340  		-0.0001 
4380			0.0340  		0.0377  		0.0002  
4390			0.0377  		0.0303  		-0.0005 
4400			0.0303  		0.0310  		-0.0004 
4410			0.0310  		0.0364  		0.0001  
4420			0.0364  		0.0302  		-0.0005 
4430			0.0302  		0.0311  		-0.0004 
4440			0.0311  		0.0375  		0.0002  
4450			0.0375  		0.0324  		-0.0003 
4460			0.0324  		0.0282  		-0.0007 
4470			0.0282  		0.0355  		0.0000  
4480			0.0355  		0.0324  		-0.0003 
4490			0.0324  		0.0290  		-0.0006 
4500			0.0290  		0.0366  		0.0001  
4510			0.0366  		0.0353  		0.0000  
4520			0.0353  		0.0281  		-0.0007 
4530			0.0281  		0.0341  		-0.0001 
4540			0.0341  		0.0349  		-0.0000 
4550			0.0349  		0.0284  		-0.0007 
4560			0.0284  		0.0345  		-0.0001 
4570			0.0345  		0.0371  		0.0002  
4580			0.0371  		0.0293  		-0.0006 
4590			0.0293  		0.0314  		-0.0004 
4600			0.0314  		0.0361  		0.0001  
4610			0.0361  		0.0295  		-0.0005 
4620			0.0295  		0.0320  		-0.0003 
4630			0.0320  		0.0379  		0.0002  
4640			0.0379  		0.0320  		-0.0003 
4650			0.0320  		0.0291  		-0.0006 
4660			0.0291  		0.0362  		0.0001  
4670			0.0362  		0.0320  		-0.0003 
4680			0.0320  		0.0297  		-0.0005 
4690			0.0297  		0.0372  		0.0002  
4700			0.0372  		0.0348  		-0.0000 
4710			0.0348  		0.0280  		-0.0007 
4720			0.0280  		0.0347  		-0.0000 
4730			0.0359  		0.0355  		-0.0001 
4740			0.0355  		0.0294  		-0.0006 
4750			0.0294  		0.0366  		0.0000  
4760			0.0366  		0.0382  		0.0002  
4770			0.0382  		0.0300  		-0.0006 
4780			0.0300  		0.0335  		-0.0002 
4790			0.0335  		0.0373  		0.0001  
4800			0.0373  		0.0301  		-0.0006 
4810			0.0301  		0.0338  		-0.0002 
4820			0.0338  		0.0391  		0.0002  
4830			0.0391  		0.0323  		-0.0004 
4840			0.0323  		0.0307  		-0.0005 
4850			0.0307  		0.0375  		0.0001  
4860			0.0375  		0.0322  		-0.0004 
4870			0.0322  		0.0312  		-0.0005 
4880			0.0312  		0.0387  		0.0002  
4890			0.0387  		0.0351  		-0.0001 
4900			0.0351  		0.0291  		-0.0007 
4910			0.0291  		0.0364  		0.0000  
4920			0.0364  		0.0348  		-0.0001 
4930			0.0348  		0.0295  		-0.0006 
4940			0.0295  		0.0370  		0.0001  
4950			0.0370  		0.0375  		0.0001  
4960			0.0375  		0.0294  		-0.0006 
4970			0.0294  		0.0340  		-0.0002 
4980			0.0340  		0.0368  		0.0000  
4990			0.0368  		0.0296  		-0.0006 
5000			0.0296  		0.0345  		-0.0002 
5010			0.0345  		0.0389  		0.0002  
5020			0.0389  		0.0315  		-0.0004 
5030			0.0315  		0.0313  		-0.0004 
5040			0.0313  		0.0374  		0.0001  
5050			0.0374  		0.0315  		-0.0004 
5060			0.0315  		0.0316  		-0.0004 
5070			0.0316  		0.0385  		0.0002  
5080			0.0385  		0.0339  		-0.0002 
5090			0.0339  		0.0288  		-0.0007 
5100			0.0288  		0.0364  		0.0000  
5110			0.0364  		0.0339  		-0.0002 
5120			0.0339  		0.0297  		-0.0006 
5130			0.0297  		0.0375  		0.0001  
5140			0.0375  		0.0368  		0.0000  
5150			0.0368  		0.0290  		-0.0006 
5160			0.0290  		0.0347  		-0.0001 
5170			0.0347  		0.0364  		0.0000  
5180			0.0364  		0.0295  		-0.0006 
5190			0.0295  		0.0352  		-0.0001 
5200			0.0352  		0.0386  		0.0002  
5210			0.0386  		0.0307  		-0.0005 
5220			0.0307  		0.0319  		-0.0004 
5230			0.0319  		0.0375  		0.0001  
5240			0.0375  		0.0309  		-0.0004 
5250			0.0309  		0.0328  		-0.0003 
5260			0.0328  		0.0395  		0.0002  
5270			0.0395  		0.0340  		-0.0002 
5280			0.0340  		0.0302  		-0.0005 
5290			0.0302  		0.0375  		0.0001  
5300			0.0375  		0.0337  		-0.0002 
5310			0.0337  		0.0304  		-0.0005 
5320			0.0304  		0.0383  		0.0001  
5330			0.0383  		0.0364  		0.0000  
5340			0.0364  		0.0290  		-0.0006 
5350			0.0290  		0.0355  		-0.0001 
5360			0.0355  		0.0359  		-0.0000 
5370			0.0359  		0.0294  		-0.0006 
5380			0.0294  		0.0361  		-0.0000 
5390			0.0361  		0.0385  		0.0002  
5400			0.0385  		0.0304  		-0.0005 
5410			0.0304  		0.0330  		-0.0003 
5420			0.0330  		0.0375  		0.0001  
5430			0.0375  		0.0304  		-0.0005 
5440			0.0304  		0.0334  		-0.0002 
5450			0.0334  		0.0392  		0.0002  
5460			0.0392  		0.0328  		-0.0003 
5470			0.0328  		0.0303  		-0.0005 
5480			0.0303  		0.0374  		0.0001  
5490			0.0374  		0.0326  		-0.0003 
5500			0.0326  		0.0308  		-0.0004 
5510			0.0308  		0.0385  		0.0002  
5520			0.0385  		0.0356  		-0.0001 
5530			0.0356  		0.0290  		-0.0006 
5540			0.0290  		0.0360  		-0.0000 
5550			0.0360  		0.0352  		-0.0001 
5560			0.0352  		0.0294  		-0.0006 
5570			0.0294  		0.0366  		0.0000  
5580			0.0366  		0.0378  		0.0001  
5590			0.0378  		0.0297  		-0.0005 
5600			0.0297  		0.0336  		-0.0002 
5610			0.0336  		0.0370  		0.0000  
5620			0.0370  		0.0298  		-0.0005 
5630			0.0298  		0.0340  		-0.0002 
5640			0.0340  		0.0390  		0.0002  
5650			0.0390  		0.0319  		-0.0003 
5660			0.0319  		0.0308  		-0.0004 
5670			0.0308  		0.0374  		0.0001  
5680			0.0374  		0.0319  		-0.0003 
5690			0.0319  		0.0312  		-0.0004 
5700			0.0312  		0.0384  		0.0001  
5710			0.0384  		0.0344  		-0.0001 
5720			0.0344  		0.0286  		-0.0006 
5730			0.0286  		0.0361  		-0.0000 
5740			0.0361  		0.0343  		-0.0001 
5750			0.0343  		0.0295  		-0.0005 
5760			0.0295  		0.0371  		0.0001  
5770			0.0371  		0.0372  		0.0001  
5780			0.0372  		0.0292  		-0.0005 
5790			0.0292  		0.0343  		-0.0001 
5800			0.0343  		0.0367  		0.0000  
5810			0.0367  		0.0296  		-0.0005 
5820			0.0296  		0.0348  		-0.0001 
5830			0.0348  		0.0387  		0.0002  
5840			0.0387  		0.0311  		-0.0004 
5850			0.0311  		0.0314  		-0.0004 
5860			0.0314  		0.0375  		0.0001  
5870			0.0375  		0.0313  		-0.0004 
5880			0.0313  		0.0323  		-0.0003 
5890			0.0323  		0.0394  		0.0002  
5900			0.0394  		0.0344  		-0.0001 
5910			0.0344  		0.0299  		-0.0005 
5920			0.0299  		0.0373  		0.0001  
5930			0.0373  		0.0341  		-0.0002 
5940			0.0341  		0.0301  		-0.0005 
5950			0.0301  		0.0380  		0.0001  
5960			0.0380  		0.0368  		0.0000  
5970			0.0368  		0.0291  		-0.0005 
5980			0.0291  		0.0351  		-0.0001 
5990			0.0351  		0.0363  		-0.0000 
6000			0.0363  		0.0294  		-0.0005 
6010			0.0294  		0.0357  		-0.0000 
6020			0.0357  		0.0387  		0.0002  
6030			0.0387  		0.0307  		-0.0004 
6040			0.0307  		0.0326  		-0.0003 
6050			0.0326  		0.0376  		0.0001  
6060			0.0376  		0.0307  		-0.0004 
6070			0.0307  		0.0329  		-0.0002 
6080			0.0329  		0.0392  		0.0002  
6090			0.0392  		0.0333  		-0.0002 
6100			0.0333  		0.0300  		-0.0005 
6110			0.0300  		0.0373  		0.0001  
6120			0.0373  		0.0331  		-0.0002 
6130			0.0331  		0.0305  		-0.0004 
6140			0.0305  		0.0383  		0.0001  
6150			0.0383  		0.0360  		-0.0000 
6160			0.0360  		0.0290  		-0.0005 
6170			0.0290  		0.0357  		-0.0000 
6180			0.0357  		0.0356  		-0.0000 
6190			0.0356  		0.0293  		-0.0005 
6200			0.0293  		0.0362  		-0.0000 
6210			0.0362  		0.0381  		0.0001  
6220			0.0381  		0.0300  		-0.0004 
6230			0.0300  		0.0331  		-0.0002 
6240			0.0331  		0.0372  		0.0001  
6250			0.0372  		0.0300  		-0.0004 
6260			0.0300  		0.0336  		-0.0002 
6270			0.0336  		0.0390  		0.0002  
6280			0.0390  		0.0324  		-0.0003 
6290			0.0324  		0.0305  		-0.0004 
6300			0.0305  		0.0374  		0.0001  
6310			0.0374  		0.0323  		-0.0003 
6320			0.0323  		0.0308  		-0.0004 
6330			0.0308  		0.0383  		0.0001  
6340			0.0383  		0.0349  		-0.0001 
6350			0.0349  		0.0285  		-0.0006 
6360			0.0285  		0.0358  		-0.0000 
6370			0.0358  		0.0347  		-0.0001 
6380			0.0347  		0.0293  		-0.0005 
6390			0.0293  		0.0368  		0.0000  
6400			0.0368  		0.0375  		0.0001  
6410			0.0375  		0.0294  		-0.0005 
6420			0.0294  		0.0338  		-0.0002 
6430			0.0338  		0.0369  		0.0000  
6440			0.0369  		0.0298  		-0.0004 
6450			0.0298  		0.0343  		-0.0001 
6460			0.0343  		0.0389  		0.0002  
6470			0.0389  		0.0315  		-0.0003 
6480			0.0315  		0.0310  		-0.0004 
6490			0.0310  		0.0375  		0.0001  
6500			0.0375  		0.0317  		-0.0003 
6510			0.0317  		0.0319  		-0.0003 
6520			0.0319  		0.0393  		0.0002  
6530			0.0393  		0.0349  		-0.0001 
6540			0.0349  		0.0297  		-0.0004 
6550			0.0297  		0.0371  		0.0000  
6560			0.0371  		0.0346  		-0.0001 
6570			0.0346  		0.0299  		-0.0004 
6580			0.0299  		0.0377  		0.0001  
6590			0.0377  		0.0372  		0.0001  
6600			0.0372  		0.0292  		-0.0005 
6610			0.0292  		0.0347  		-0.0001 
6620			0.0347  		0.0366  		0.0000  
6630			0.0366  		0.0295  		-0.0005 
6640			0.0295  		0.0353  		-0.0001 
6650			0.0353  		0.0389  		0.0001  
6660			0.0389  		0.0311  		-0.0003 
6670			0.0311  		0.0321  		-0.0003 
6680			0.0321  		0.0376  		0.0001  
6690			0.0376  		0.0311  		-0.0003 
6700			0.0311  		0.0325  		-0.0002 
6710			0.0325  		0.0391  		0.0002  
6720			0.0391  		0.0338  		-0.0002 
6730			0.0338  		0.0297  		-0.0004 
6740			0.0297  		0.0371  		0.0000  
6750			0.0371  		0.0336  		-0.0002 
6760			0.0336  		0.0302  		-0.0004 
6770			0.0302  		0.0380  		0.0001  
6780			0.0380  		0.0365  		0.0000  
6790			0.0365  		0.0290  		-0.0005 
6800			0.0290  		0.0353  		-0.0001 
6810			0.0353  		0.0360  		-0.0000 
6820			0.0360  		0.0293  		-0.0005 
6830			0.0293  		0.0358  		-0.0000 
6840			0.0358  		0.0383  		0.0001  
6850			0.0383  		0.0303  		-0.0004 
6860			0.0303  		0.0326  		-0.0002 
6870			0.0326  		0.0373  		0.0001  
6880			0.0373  		0.0303  		-0.0004 
6890			0.0303  		0.0331  		-0.0002 
6900			0.0331  		0.0390  		0.0002  
6910			0.0390  		0.0329  		-0.0002 
6920			0.0329  		0.0301  		-0.0004 
6930			0.0301  		0.0373  		0.0001  
6940			0.0373  		0.0328  		-0.0002 
6950			0.0328  		0.0305  		-0.0004 
6960			0.0305  		0.0380  		0.0001  
6970			0.0380  		0.0353  		-0.0001 
6980			0.0353  		0.0284  		-0.0005 
6990			0.0284  		0.0355  		-0.0001 
7000			0.0355  		0.0351  		-0.0001 
7010			0.0351  		0.0292  		-0.0004 
7020			0.0292  		0.0364  		0.0000  
7030			0.0364  		0.0378  		0.0001  
7040			0.0378  		0.0297  		-0.0004 
7050			0.0297  		0.0334  		-0.0002 
7060			0.0334  		0.0371  		0.0000  
7070			0.0371  		0.0300  		-0.0004 
7080			0.0300  		0.0339  		-0.0001 
7090			0.0339  		0.0390  		0.0001  
7100			0.0390  		0.0320  		-0.0003 
7110			0.0320  		0.0306  		-0.0003 
7120			0.0306  		0.0375  		0.0001  
7130			0.0375  		0.0321  		-0.0003 
7140			0.0321  		0.0315  		-0.0003 
7150			0.0315  		0.0391  		0.0001  
7160			0.0391  		0.0354  		-0.0001 
7170			0.0354  		0.0295  		-0.0004 
7180			0.0295  		0.0368  		0.0000  
7190			0.0368  		0.0350  		-0.0001 
7200			0.0350  		0.0297  		-0.0004 
7210			0.0297  		0.0373  		0.0001  
7220			0.0373  		0.0376  		0.0001  
7230			0.0376  		0.0294  		-0.0004 
7240			0.0294  		0.0342  		-0.0001 
7250			0.0342  		0.0368  		0.0000  
7260			0.0368  		0.0296  		-0.0004 
7270			0.0296  		0.0348  		-0.0001 
7280			0.0348  		0.0390  		0.0001  
7290			0.0390  		0.0316  		-0.0003 
7300			0.0316  		0.0316  		-0.0003 
7310			0.0316  		0.0377  		0.0001  
7320			0.0377  		0.0315  		-0.0003 
7330			0.0315  		0.0320  		-0.0002 
7340			0.0320  		0.0390  		0.0001  
7350			0.0390  		0.0342  		-0.0001 
7360			0.0342  		0.0294  		-0.0004 
7370			0.0294  		0.0369  		0.0000  
7380			0.0369  		0.0340  		-0.0001 
7390			0.0340  		0.0299  		-0.0004 
7400			0.0299  		0.0377  		0.0001  
7410			0.0377  		0.0368  		0.0000  
7420			0.0368  		0.0291  		-0.0004 
7430			0.0291  		0.0349  		-0.0001 
7440			0.0349  		0.0363  		-0.0000 
7450			0.0363  		0.0293  		-0.0004 
7460			0.0293  		0.0354  		-0.0001 
7470			0.0354  		0.0386  		0.0001  
7480			0.0386  		0.0307  		-0.0003 
7490			0.0307  		0.0322  		-0.0002 
7500			0.0322  		0.0374  		0.0001  
7510			0.0374  		0.0307  		-0.0003 
7520			0.0307  		0.0326  		-0.0002 
7530			0.0326  		0.0390  		0.0001  
7540			0.0390  		0.0334  		-0.0002 
7550			0.0334  		0.0298  		-0.0004 
7560			0.0298  		0.0371  		0.0000  
7570			0.0371  		0.0332  		-0.0002 
7580			0.0332  		0.0302  		-0.0004 
7590			0.0302  		0.0378  		0.0001  
7600			0.0378  		0.0358  		-0.0000 
7610			0.0358  		0.0285  		-0.0005 
7620			0.0285  		0.0351  		-0.0001 
7630			0.0351  		0.0355  		-0.0000 
7640			0.0355  		0.0292  		-0.0004 
7650			0.0292  		0.0360  		-0.0000 
7660			0.0360  		0.0381  		0.0001  
7670			0.0381  		0.0300  		-0.0004 
7680			0.0300  		0.0329  		-0.0002 
7690			0.0329  		0.0372  		0.0000  
7700			0.0372  		0.0303  		-0.0003 
7710			0.0303  		0.0334  		-0.0002 
7720			0.0334  		0.0390  		0.0001  
7730			0.0390  		0.0324  		-0.0002 
7740			0.0324  		0.0302  		-0.0003 
7750			0.0302  		0.0374  		0.0001  
7760			0.0374  		0.0326  		-0.0002 
7770			0.0326  		0.0311  		-0.0003 
7780			0.0311  		0.0389  		0.0001  
7790			0.0389  		0.0358  		-0.0000 
7800			0.0358  		0.0294  		-0.0004 
7810			0.0294  		0.0365  		0.0000  
7820			0.0365  		0.0354  		-0.0000 
7830			0.0354  		0.0296  		-0.0004 
7840			0.0296  		0.0369  		0.0000  
7850			0.0369  		0.0379  		0.0001  
7860			0.0379  		0.0296  		-0.0004 
7870			0.0296  		0.0338  		-0.0001 
7880			0.0338  		0.0371  		0.0000  
7890			0.0371  		0.0298  		-0.0004 
7900			0.0298  		0.0343  		-0.0001 
7910			0.0343  		0.0392  		0.0001  
7920			0.0392  		0.0320  		-0.0002 
7930			0.0320  		0.0312  		-0.0003 
7940			0.0312  		0.0377  		0.0001  
7950			0.0377  		0.0319  		-0.0002 
7960			0.0319  		0.0316  		-0.0003 
7970			0.0316  		0.0389  		0.0001  
7980			0.0389  		0.0347  		-0.0001 
7990			0.0347  		0.0292  		-0.0004 
8000			0.0292  		0.0366  		0.0000  
8010			0.0366  		0.0344  		-0.0001 
8020			0.0344  		0.0297  		-0.0004 
8030			0.0297  		0.0374  		0.0001  
8040			0.0374  		0.0372  		0.0000  
8050			0.0372  		0.0293  		-0.0004 
8060			0.0293  		0.0345  		-0.0001 
8070			0.0345  		0.0366  		0.0000  
8080			0.0366  		0.0295  		-0.0004 
8090			0.0295  		0.0349  		-0.0001 
8100			0.0349  		0.0387  		0.0001  
8110			0.0387  		0.0311  		-0.0003 
8120			0.0311  		0.0317  		-0.0002 
8130			0.0317  		0.0375  		0.0001  
8140			0.0375  		0.0311  		-0.0003 
8150			0.0311  		0.0322  		-0.0002 
8160			0.0322  		0.0390  		0.0001  
8170			0.0390  		0.0339  		-0.0001 
8180			0.0339  		0.0295  		-0.0004 
8190			0.0295  		0.0369  		0.0000  
8200			0.0369  		0.0337  		-0.0001 
8210			0.0337  		0.0299  		-0.0003 
8220			0.0299  		0.0375  		0.0001  
8230			0.0375  		0.0362  		-0.0000 
8240			0.0362  		0.0285  		-0.0004 
8250			0.0285  		0.0347  		-0.0001 
8260			0.0347  		0.0358  		-0.0000 
8270			0.0358  		0.0292  		-0.0004 
8280			0.0292  		0.0356  		-0.0000 
8290			0.0356  		0.0383  		0.0001  
8300			0.0383  		0.0304  		-0.0003 
8310			0.0304  		0.0324  		-0.0002 
8320			0.0324  		0.0374  		0.0000  
8330			0.0374  		0.0306  		-0.0003 
8340			0.0306  		0.0330  		-0.0002 
8350			0.0330  		0.0390  		0.0001  
8360			0.0390  		0.0329  		-0.0002 
8370			0.0329  		0.0299  		-0.0003 
8380			0.0299  		0.0372  		0.0000  
8390			0.0372  		0.0330  		-0.0002 
8400			0.0330  		0.0307  		-0.0003 
8410			0.0307  		0.0387  		0.0001  
8420			0.0387  		0.0363  		-0.0000 
8430			0.0363  		0.0294  		-0.0004 
8440			0.0294  		0.0362  		-0.0000 
8450			0.0362  		0.0358  		-0.0000 
8460			0.0358  		0.0295  		-0.0004 
8470			0.0295  		0.0365  		0.0000  
8480			0.0365  		0.0382  		0.0001  
8490			0.0382  		0.0299  		-0.0003 
8500			0.0299  		0.0333  		-0.0001 
8510			0.0333  		0.0372  		0.0000  
8520			0.0372  		0.0301  		-0.0003 
8530			0.0301  		0.0339  		-0.0001 
8540			0.0339  		0.0392  		0.0001  
8550			0.0392  		0.0325  		-0.0002 
8560			0.0325  		0.0308  		-0.0003 
8570			0.0308  		0.0376  		0.0001  
8580			0.0376  		0.0323  		-0.0002 
8590			0.0323  		0.0312  		-0.0003 
8600			0.0312  		0.0387  		0.0001  
8610			0.0387  		0.0352  		-0.0001 
8620			0.0352  		0.0291  		-0.0004 
8630			0.0291  		0.0363  		0.0000  
8640			0.0363  		0.0349  		-0.0001 
8650			0.0349  		0.0295  		-0.0003 
8660			0.0295  		0.0371  		0.0000  
8670			0.0371  		0.0376  		0.0001  
8680			0.0376  		0.0295  		-0.0003 
8690			0.0295  		0.0341  		-0.0001 
8700			0.0341  		0.0368  		0.0000  
8710			0.0368  		0.0296  		-0.0003 
8720			0.0296  		0.0345  		-0.0001 
8730			0.0345  		0.0389  		0.0001  
8740			0.0389  		0.0315  		-0.0002 
8750			0.0315  		0.0313  		-0.0002 
8760			0.0313  		0.0375  		0.0001  
8770			0.0375  		0.0315  		-0.0002 
8780			0.0315  		0.0318  		-0.0002 
8790			0.0318  		0.0389  		0.0001  
8800			0.0389  		0.0343  		-0.0001 
8810			0.0343  		0.0293  		-0.0004 
8820			0.0293  		0.0367  		0.0000  
8830			0.0367  		0.0341  		-0.0001 
8840			0.0341  		0.0297  		-0.0003 
8850			0.0297  		0.0372  		0.0000  
8860			0.0372  		0.0365  		0.0000  
8870			0.0365  		0.0286  		-0.0004 
8880			0.0286  		0.0343  		-0.0001 
8890			0.0343  		0.0361  		-0.0000 
8900			0.0361  		0.0293  		-0.0003 
8910			0.0293  		0.0351  		-0.0001 
8920			0.0351  		0.0385  		0.0001  
8930			0.0385  		0.0308  		-0.0003 
8940			0.0308  		0.0319  		-0.0002 
8950			0.0319  		0.0374  		0.0000  
8960			0.0374  		0.0310  		-0.0003 
8970			0.0310  		0.0325  		-0.0002 
8980			0.0325  		0.0390  		0.0001  
8990			0.0390  		0.0334  		-0.0001 
9000			0.0334  		0.0295  		-0.0003 
9010			0.0295  		0.0371  		0.0000  
9020			0.0371  		0.0335  		-0.0001 
9030			0.0335  		0.0304  		-0.0003 
9040			0.0304  		0.0384  		0.0001  
9050			0.0384  		0.0367  		0.0000  
9060			0.0367  		0.0294  		-0.0003 
9070			0.0294  		0.0358  		-0.0000 
9080			0.0358  		0.0362  		-0.0000 
9090			0.0362  		0.0295  		-0.0003 
9100			0.0295  		0.0361  		-0.0000 
9110			0.0361  		0.0385  		0.0001  
9120			0.0385  		0.0303  		-0.0003 
9130			0.0303  		0.0328  		-0.0002 
9140			0.0328  		0.0374  		0.0000  
9150			0.0374  		0.0304  		-0.0003 
9160			0.0304  		0.0334  		-0.0001 
9170			0.0334  		0.0393  		0.0001  
9180			0.0393  		0.0330  		-0.0002 
9190			0.0330  		0.0304  		-0.0003 
9200			0.0304  		0.0375  		0.0001  
9210			0.0375  		0.0328  		-0.0002 
9220			0.0328  		0.0308  		-0.0003 
9230			0.0308  		0.0385  		0.0001  
9240			0.0385  		0.0356  		-0.0000 
9250			0.0356  		0.0290  		-0.0004 
9260			0.0290  		0.0360  		-0.0000 
9270			0.0360  		0.0353  		-0.0000 
9280			0.0353  		0.0294  		-0.0003 
9290			0.0294  		0.0367  		0.0000  
9300			0.0367  		0.0379  		0.0001  
9310			0.0379  		0.0297  		-0.0003 
9320			0.0297  		0.0336  		-0.0001 
9330			0.0336  		0.0371  		0.0000  
9340			0.0371  		0.0298  		-0.0003 
9350			0.0298  		0.0340  		-0.0001 
9360			0.0340  		0.0390  		0.0001  
9370			0.0390  		0.0320  		-0.0002 
9380			0.0320  		0.0309  		-0.0003 
9390			0.0309  		0.0375  		0.0000  
9400			0.0375  		0.0319  		-0.0002 
9410			0.0319  		0.0313  		-0.0002 
9420			0.0313  		0.0387  		0.0001  
9430			0.0387  		0.0348  		-0.0001 
9440			0.0348  		0.0291  		-0.0003 
9450			0.0291  		0.0365  		0.0000  
9460			0.0365  		0.0345  		-0.0001 
9470			0.0345  		0.0295  		-0.0003 
9480			0.0295  		0.0369  		0.0000  
9490			0.0369  		0.0369  		0.0000  
9500			0.0369  		0.0288  		-0.0004 
9510			0.0288  		0.0338  		-0.0001 
9520			0.0338  		0.0364  		0.0000  
9530			0.0364  		0.0294  		-0.0003 
9540			0.0294  		0.0347  		-0.0001 
9550			0.0347  		0.0387  		0.0001  
9560			0.0387  		0.0312  		-0.0002 
9570			0.0312  		0.0315  		-0.0002 
9580			0.0315  		0.0375  		0.0000  
9590			0.0375  		0.0314  		-0.0002 
9600			0.0314  		0.0321  		-0.0002 
9610			0.0321  		0.0389  		0.0001  
9620			0.0389  		0.0339  		-0.0001 
9630			0.0339  		0.0293  		-0.0003 
9640			0.0293  		0.0368  		0.0000  
9650			0.0368  		0.0339  		-0.0001 
9660			0.0339  		0.0301  		-0.0003 
9670			0.0301  		0.0381  		0.0001  
9680			0.0381  		0.0371  		0.0000  
9690			0.0371  		0.0295  		-0.0003 
9700			0.0295  		0.0354  		-0.0000 
9710			0.0354  		0.0365  		0.0000  
9720			0.0365  		0.0296  		-0.0003 
9730			0.0296  		0.0357  		-0.0000 
9740			0.0357  		0.0387  		0.0001  
9750			0.0387  		0.0306  		-0.0003 
9760			0.0306  		0.0324  		-0.0002 
9770			0.0324  		0.0375  		0.0000  
9780			0.0375  		0.0307  		-0.0002 
9790			0.0307  		0.0329  		-0.0001 
9800			0.0329  		0.0393  		0.0001  
9810			0.0393  		0.0334  		-0.0001 
9820			0.0334  		0.0301  		-0.0003 
9830			0.0301  		0.0374  		0.0000  
9840			0.0374  		0.0332  		-0.0001 
9850			0.0332  		0.0305  		-0.0003 
9860			0.0305  		0.0383  		0.0001  
9870			0.0383  		0.0361  		-0.0000 
9880			0.0361  		0.0290  		-0.0003 
9890			0.0290  		0.0357  		-0.0000 
9900			0.0357  		0.0356  		-0.0000 
9910			0.0356  		0.0293  		-0.0003 
9920			0.0293  		0.0363  		-0.0000 
9930			0.0363  		0.0382  		0.0001  
9940			0.0382  		0.0300  		-0.0003 
9950			0.0300  		0.0331  		-0.0001 
